2.49E-03
0.3771
1.142
2.504
3.126
4.097
11.79
19.23
29.19
40.71
55.76
72.5
82.69
90.85
0.1205
0.3421
0.7329
0.9056
1.203
3.469
5.65
8.654
12.2
17.01
22.73
26.98
28.33
0.2596
0.8256
1.817
2.291
3.055
8.812
14.25
21.73
30.48
42.01
54.05
61.5
66.21
0.04025
0.1184
0.2418
0.2875
0.3492
0.9882
1.592
2.43
3.411
4.713
6.075
6.961
7.669
1.284
4.588
10.43
19.23
31.8
47.56
67.65
0.4879
1.693
3.851
7.155
11.86
18.09
26.06
34.78
1.012
3.662
8.257
15.03
24.52
36.61
51.85
68.33
1.196
4.421
10.05
18.48
30.63
45.93
65.39
86.81